 1 2019984060403张少龙男2101化学工程与工艺理工系95 100 97
 2 2021984150105霍双帅男2101化学工程与工艺理工系90 100 93
 3 2021984150107贾子航男2101化学工程与工艺理工系90 100 93
 4 2021984150114王栩男2101化学工程与工艺理工系90 100 93
 5 2021984150115杨成杰男2101化学工程与工艺理工系92 100 94
 6 2021984150127卢玲玲女2101化学工程与工艺理工系94 100 96
 7 2021984150128王俊阳女2101化学工程与工艺理工系98 100 99
 8 2021984150130张越女2101化学工程与工艺理工系96 100 97
 9 2021984150201白会豪男2101化学工程与工艺理工系97 100 98
 10 2021984150227王雨杰女2101化学工程与工艺理工系96 100 97
 11 2021984150313王智宇男2101化学工程与工艺理工系95 100 97
 12 2021984150319赵宏元男2101化学工程与工艺理工系90 100 93
 13 2021984150401白松康男2101化学工程与工艺理工系96 100 97
 14 2021984150419蔡畅女2101化学工程与工艺理工系94 100 96
 15 2021984150424刘宇欣女2101化学工程与工艺理工系98 100 99
 16 2021984150507麻斌栋男2101化学工程与工艺理工系96 100 97
 17 2021984150524宋晓红女2101化学工程与工艺理工系94 100 96
 18 2021984150606纪旭明男2101化学工程与工艺理工系95 100 97
 19 2021984150613于增伟男2101化学工程与工艺理工系98 100 99
 20 2021984150704高光耀男2101化学工程与工艺理工系95 100 97
 21 2021984150713王腾雨男2101化学工程与工艺理工系94 100 96
 22 2021984150726王航女2101化学工程与工艺理工系94 100 96
 23 2021984150727王薪琦女2101化学工程与工艺理工系95 100 97
 24 2021984150802褚升缘男2101化学工程与工艺理工系94 100 96
 25 2021984150823戚晓贺女2101化学工程与工艺理工系95 100 97
 26 2021984150907刘清波男2101化学工程与工艺理工系100 100 100
 27 2021984151003郭康辉男2101化学工程与工艺理工系95 100 97
 28 2021984151006刘梓源男2101化学工程与工艺理工系96 100 97
 29 2021984151022刘钰涵女2101化学工程与工艺理工系98 100 99
 30 2021984150113王少坤男2102化学工程与工艺理工系95 100 97
 31 2021984150119郑树阳男2102化学工程与工艺理工系90 100 93
 32 2021984150122郭天宇女2102化学工程与工艺理工系92 100 94
 33 2021984150204郭子杭男2102化学工程与工艺理工系94 100 96
 34 2021984150207李哲男2102化学工程与工艺理工系94 100 96
 35 2021984150208刘初洋男2102化学工程与工艺理工系95 100 97
 36 2021984150213乔毅恒男2102化学工程与工艺理工系97 100 98
 37 2021984150217杨宏康男2102化学工程与工艺理工系96 100 97
 38 2021984150311王亚卓男2102化学工程与工艺理工系92 100 94
 39 2021984150312王泽森男2102化学工程与工艺理工系95 100 97
 40 2021984150322谷佳柯女2102化学工程与工艺理工系93 100 95
 41 2021984150402鲍元昊男2102化学工程与工艺理工系96 100 97
 42 2021984150406高金瑞男2102化学工程与工艺理工系95 100 97
 43 2021984150422冯兆琰女2102化学工程与工艺理工系91 100 94
 44 2021984150425牛梦女2102化学工程与工艺理工系96 100 97
 45 2021984150426苏江泽女2102化学工程与工艺理工系95 100 97
 46 2021984150514袁子豪男2102化学工程与工艺理工系93 100 95
 47 2021984150519冯继芳女2102化学工程与工艺理工系97 100 98
 48 2021984150622李思洁女2102化学工程与工艺理工系95 100 97
 49 2021984150701常煜杰男2102化学工程与工艺理工系96 100 97
 50 2021984150709李嘉男2102化学工程与工艺理工系97 100 98
 51 2021984150801迟阳男2102化学工程与工艺理工系92 100 94
 52 2021984150813宋洪钊男2102化学工程与工艺理工系97 100 98
 53 2021984150908马少涵男2102化学工程与工艺理工系92 100 94
 54 2021984150927王是蛟女2102化学工程与工艺理工系95 100 97
 55 2021984151023宁凡女2102化学工程与工艺理工系96 100 97
 56 2021984151029赵丽敏女2102化学工程与工艺理工系96 100 97
 57 2021984151030赵然女2102化学工程与工艺理工系95 100 97
 58 2021984150117张天峰男2103化学工程与工艺理工系95 100 97
 59 2021984150121段可欣女2103化学工程与工艺理工系96 100 97
 60 2021984150206李佳诚男2103化学工程与工艺理工系98 100 99
 61 2021984150210柳子康男2103化学工程与工艺理工系95 100 97
 62 2021984150219朱嘉硕男2103化学工程与工艺理工系90 100 93
 63 2021984150223齐佳蕊女2103化学工程与工艺理工系95 100 97
 64 2021984150306梁禹浩男2103化学工程与工艺理工系90 100 93
 65 2021984150310王广宠男2103化学工程与工艺理工系94 100 96
 66 2021984150316张世纹男2103化学工程与工艺理工系87 100 91
 67 2021984150403边仕岐男2103化学工程与工艺理工系98 100 99
 68 2021984150407耿宇凡男2103化学工程与工艺理工系97 100 98
 69 2021984150423李君倩女2103化学工程与工艺理工系98 100 99
 70 2021984150430赵捷女2103化学工程与工艺理工系96 100 97
 71 2021984150526王璐女2103化学工程与工艺理工系92 100 94
 72 2021984150527王艺霏女2103化学工程与工艺理工系96 100 97
 73 2021984150529张影女2103化学工程与工艺理工系96 100 97
 74 2021984150601楚鹏铖男2103化学工程与工艺理工系92 100 94
 75 2021984150721范雪云女2103化学工程与工艺理工系96 100 97
 76 2021984150728尤熙蕾女2103化学工程与工艺理工系90 100 93
 77 2021984150811刘洪江男2103化学工程与工艺理工系95 100 97
 78 2021984150816王禹男2103化学工程与工艺理工系100 100 100
 79 2021984150826王洋女2103化学工程与工艺理工系98 100 99
 80 2021984150902董帅豪男2103化学工程与工艺理工系100 100 100
 81 2021984150906刘嘉琪男2103化学工程与工艺理工系95 100 97
 82 2021984150909毛晗男2103化学工程与工艺理工系98 100 99
 83 2021984150910庞毅乐男2103化学工程与工艺理工系100 100 100
 84 2021984150922刘畅女2103化学工程与工艺理工系97 100 98
 85 2021984151012辛苑涛男2103化学工程与工艺理工系94 100 96
 86 2021984151020李晴女2103化学工程与工艺理工系98 100 99
 87 2021984150109刘鑫宇男2104化学工程与工艺理工系99 100 99
 88 2021984150116尹兆闯男2104化学工程与工艺理工系97 100 98
 89 2021984150120柴婉女2104化学工程与工艺理工系98 100 99
 90 2021984150123井海盼女2104化学工程与工艺理工系91 100 94
 91 2021984150126刘英英女2104化学工程与工艺理工系94 100 96
 92 2021984150209刘文卓男2104化学工程与工艺理工系95 100 97
 93 2021984150225王欣然女2104化学工程与工艺理工系96 100 97
 94 2021984150305孔维浩男2104化学工程与工艺理工系90 100 93
 95 2021984150314姚宇凡男2104化学工程与工艺理工系90 100 93
 96 2021984150315翟宏池男2104化学工程与工艺理工系90 100 93
 97 2021984150317张岩男2104化学工程与工艺理工系92 100 94
 98 2021984150323郝思旭女2104化学工程与工艺理工系96 100 97
 99 2021984150404常大帅男2104化学工程与工艺理工系88 100 92
 100 2021984150408耿雨森男2104化学工程与工艺理工系96 100 97
 101 2021984150429赵海月女2104化学工程与工艺理工系97 100 98
 102 2021984150501毕泽华男2104化学工程与工艺理工系90 100 93
 103 2021984150510王国峰男2104化学工程与工艺理工系98 100 99
 104 2021984150511王晗男2104化学工程与工艺理工系96 100 97
 105 2021984150513于博男2104化学工程与工艺理工系95 100 97
 106 2021984150516张自乾男2104化学工程与工艺理工系93 100 95
 107 2021984150523刘雨欣女2104化学工程与工艺理工系97 100 98
 108 2021984150525谭晨曦女2104化学工程与工艺理工系95 100 97
 109 2021984150528王奕婷女2104化学工程与工艺理工系100 100 100
 110 2021984150620陈梦瑶女2104化学工程与工艺理工系92 100 94
 111 2021984150705郭瑞鹏男2104化学工程与工艺理工系98 100 99
 112 2021984150804侯占博男2104化学工程与工艺理工系97 100 98
 113 2021984150825王雅彤女2104化学工程与工艺理工系98 100 99
 114 2021984150903付家合男2104化学工程与工艺理工系100 100 100
 115 2021984150920董晓冉女2104化学工程与工艺理工系97 100 98
 116 2021984150108李胜贤男2105化学工程与工艺理工系93 100 95
 117 2021984150215徐博男2105化学工程与工艺理工系96 100 97
 118 2021984150224田雅静女2105化学工程与工艺理工系95 100 97
 119 2021984150229王子微女2105化学工程与工艺理工系94 100 96
 120 2021984150320杜晶晶女2105化学工程与工艺理工系97 100 98
 121 2021984150409韩记阳男2105化学工程与工艺理工系96 100 97
 122 2021984150410李文博男2105化学工程与工艺理工系94 100 96
 123 2021984150413王子轩男2105化学工程与工艺理工系95 100 97
 124 2021984150421代若琰女2105化学工程与工艺理工系96 100 97
 125 2021984150427魏琪琪女2105化学工程与工艺理工系91 100 94
 126 2021984150428张雨欣女2105化学工程与工艺理工系96 100 97
 127 2021984150502陈冬旭男2105化学工程与工艺理工系92 100 94
 128 2021984150518赵世杰男2105化学工程与工艺理工系98 100 99
 129 2021984150521韩琦女2105化学工程与工艺理工系96 100 97
 130 2021984150530张裕女2105化学工程与工艺理工系97 100 98
 131 2021984150626齐欣怡女2105化学工程与工艺理工系100 100 100
 132 2021984150714王天义男2105化学工程与工艺理工系97 100 98
 133 2021984150717张宝胜男2105化学工程与工艺理工系95 100 97
 134 2021984150718张泽男2105化学工程与工艺理工系98 100 99
 135 2021984150725卢梦萱女2105化学工程与工艺理工系98 100 99
136 2021984150807李曜航男2105化学工程与工艺理工系90 100 93
137 2021984150809李泽安男2105化学工程与工艺理工系90 100 93
138 2021984150818周轶群男2105化学工程与工艺理工系94 100 96
139 2021984150822马禹彤女2105化学工程与工艺理工系96 100 97
140 2021984150921耿思雨女2105化学工程与工艺理工系96 100 97
141 2021984151001蔡佳硕男2105化学工程与工艺理工系97 100 98
142 2021984151010王科宇男2105化学工程与工艺理工系97 100 98
